11111111111111111111111111111111111111111111111111111111111111111111111111111111
1                                                                              1
1                                                                              1
1                                                                              1
1                                                                              1
1                                                                              1
1                                                                              1
1                                                                              1
1                                                                              1
1                                                                              1
1                                                                              1
1                                                                              1
1                                                                              1
1                                                                              1
1                                                                              1
1                                                                              1
1                                                                              1
1       !2          !3          !F          "4            !                    1
1                                                         5                    1
1                                                                              1
1                                                                              1
1                                                                              1
1                                                                              1
1                                                                              1
1                                                                              1
1                                                                              1
1                                                                              1
1       2            3           F           4             5                   1
1                                #                                             1
1                                                                              1
1                                                                              1
1                                                                              1
1                                                                              1
1                                                                              1
1                                                                              1
1                                                                              1
1                                                                              1
1                                                                              1
1                                                                              1
1                                                                              1
1                                                                              1
1                                                                              1
1                                                                              1
1                                                                              1
1                                                                              1
1                                                                              1
1                                                                              1
1                                                                              1
1                                                                              1
1                                                                              1
1                                                                              1
1                                                                              1
1                                                                              1
1                                                                              1
1                                                                              1
1                                                                              1
1                                                                              1
1                                                                              1
1                                                                              1
1                                                                              1
11111111111111111111111111111111111111111111111111111111111111111111111111111111
